X1;X2;X3
5.24098019103639;-9.65110480256735;6.98960637536359
2.59380905560429;-9.86727051345538;6.35874575956485
3.3391148329111;-9.46336582774187;6.1437717170904
5.30784758628995;-8.57850441592251;3.05830470926118
3.47962118863924;-8.61738807962368;4.09194387489951
4.10134475299104;-7.67868587569595;3.85923191728519
4.00667644711652;-9.16324753178247;2.96852260168226
4.83965368089505;-10.2780711832893;3.68364313739477
3.8531089179109;-7.85864325133142;4.66187591146221
3.80513694141601;-8.37653235235737;6.57643776290533
4.90303935843276;-10.7805298334157;5.78180667259367
4.7006292448668;-11.1214898670788;4.28096175504426
4.11168404695173;-11.4519713660662;4.47730602434934
3.47595016370965;-7.7724012264227;4.7289758256862
3.45824577145667;-10.9882030263218;4.14853058910393
5.40611652042198;-7.32407429635918;4.73288267877209
3.84015625235936;-10.3091905723617;5.27290712323922
4.83067959062971;-7.86009952715834;6.72666038188517
4.18880632875323;-7.94805186352452;6.87911832578083
3.34418987958377;-8.53686846666287;3.82146762972745
4.27034658222618;-10.2731884123647;4.14255390515507
2.64958168691612;-9.78349200360996;5.93901459126884
3.77895558064675;-8.23811140244885;3.62632852975806
6.81058427825699;-9.31949901927431;5.76976317109397
3.81224823813083;-8.49412861888744;6.11199418471521
3.2040067395458;-7.67423948627515;4.71407443666783
4.33557319600284;-7.72391283154669;6.98481520724537
5.83637406754703;-8.51238887325566;5.62973134751848
3.22002780828139;-7.65349545619104;5.70682430084931
6.74043352409794;-9.7390673677475;4.70113173343419
2.87732038081357;-9.12918605634082;3.76562462491711
4.31652433113058;-9.56545687848235;4.14918641273236
4.77563437769198;-10.1862213513249;5.87656756846863
5.39974709080239;-8.62967043806531;5.69464642740179
5.06275811491931;-8.63872604136446;5.80859583903617
5.23046675696376;-9.72900927579389;3.96495529077538
6.33949038823547;-10.859425581606;4.45157173505184
5.47914564058385;-10.5794788381655;6.64482866978289
5.40675150637592;-8.86234984840005;6.69394681106857
2.88756790511821;-9.63937536783225;6.01123415665376
3.74784388983446;-9.65649643265436;4.76493980954329
3.5477265090702;-10.5836384778265;4.46625887977738
4.71455753395267;-9.17498079479141;4.93169063925961
5.31875730463751;-7.26280900051086;4.63606742270973
5.66660592541728;-8.70024552578887;5.04768269220684
2.53485998592332;-9.9279800954993;4.91398818663447
4.90762281952234;-9.69586782122181;5.83295362752276
2.83777783457269;-8.46824278834383;6.53417538569128
5.50649851107782;-8.84868444956596;6.5020525555307
5.44689984450679;-11.0830009605143;6.69132398697836
4.09182275146245;-11.1555771648299;6.34972755609093
3.80281262072052;-11.1662763373865;4.93031573510771
5.07974412649063;-9.80700236707091;3.78807207000412
3.86948666033757;-11.2660054729482;5.10274483575508
3.18692056021653;-7.83556557087239;5.88358757753767
6.16489794441658;-9.43918580139627;3.98317304481554
3.47117145138551;-8.50064169451772;4.00533632631318
5.63042156322327;-11.0832473604533;6.15815718364207
5.27129404362893;-8.61844379101723;4.44765604124886
5.68954431186214;-10.8820291122763;4.347876908709
2.81988338196492;-9.79318798998758;5.87695382090494
5.55750599123889;-9.6005873205998;6.7411067207715
5.1407758628752;-9.30576425267465;6.02713506347488
2.95156847944171;-8.68598333799689;4.12620719213914
4.51903463562806;-9.70404982726492;4.68740994171659
6.12716859101619;-9.38717993198533;6.02542104656352
2.94969125339155;-8.48874522005263;6.52302415471062
5.17238015659033;-7.3331319505193;5.59475506294324
3.25123239266789;-9.0165137702955;5.33218317199819
6.78302222689531;-9.18218943904066;5.55817982518564
4.27852942715254;-7.8198133734871;7.02361205579984
4.98506820809824;-9.07924180507952;3.07888343531572
5.86018495282068;-8.69203369304333;4.99600912252566
5.50365277114473;-8.15261494777189;4.82107889611026
5.49364271568516;-10.7770099024823;3.4711834759706
5.12009778477238;-11.4742931431984;4.78835617405072
4.06944241471788;-8.86259008880414;4.14351940183914
6.01929136856626;-9.7080504267124;7.14777889622301
5.1785607355155;-11.3393436613356;5.81537900262918
4.75875290441398;-9.16811323073773;3.41701267599858
4.80941390493758;-11.2531581521303;4.0763655673516
6.26786791538221;-9.46791200487407;3.7255010361594
5.3860744479102;-7.4242360430848;5.68154732805905
4.83373349642812;-10.4859549150342;3.48771439801481
2.76723408446835;-10.8246171524705;5.13651902844479
4.72196540602116;-8.42874473535807;5.05565956117027
5.51195245026085;-8.95221372623939;7.25294437759319
5.8728503773327;-7.79016865078709;4.6859420675177
5.88430642418866;-8.77700294204216;5.48681557079236
6.54175988225903;-9.33575602044724;5.11258269999998
5.1185823305988;-9.26983807418028;3.03114859164913
4.68859278349779;-8.56962899640247;5.10135603441303
2.45939208384981;-9.0470847475555;5.60326822857645
4.88942889486461;-7.33204104774178;6.02272965883064
2.2970805987889;-10.1480212036688;4.6451711436104
5.79346075864527;-7.61258843390492;4.32332662664272
3.1541069398272;-10.8672774592829;5.11335383067988
5.29349526721334;-10.6027505833723;4.6973432231375
4.87688535174598;-9.18914841819475;7.07178655771304
5.437326988578;-9.19653082946147;4.06437609503124
5.53061497212724;1.849251900844;-6.40163184547955
4.88202118561599;2.18766777700689;-6.51280516813411
4.97272125679183;1.99264183900992;-6.85303062760283
5.35357550163606;2.977197225543;-6.7021419047193
5.65533417068579;2.09317235129641;-6.83586505804152
5.76803693040126;2.41528898130538;-6.84133626306139
5.40354031132573;2.35729289535011;-6.91954208912873
5.93043634814654;2.83630139986245;-6.57163427838035
5.14573399183172;2.13264591491102;-6.82524456404653
5.26033573783549;2.43348396052969;-6.46504327104816
5.19844371612591;2.49734827298665;-7.06636708239624
5.2018069891856;1.72285647083787;-6.35859697927993
5.53127356865582;1.71091895636451;-7.17631374640562
5.89592327300934;2.76932457922802;-6.77821768295989
6.02750808183241;2.38309452391018;-6.60654538254451
5.01532609312763;2.61999812634422;-6.50082380217385
5.37176067680878;2.28613129288278;-6.70044643395728
6.09649726730196;2.26388838252219;-6.33402544590317
5.17836989292307;2.26791448064926;-7.20444558055101
5.77718349899113;2.29427926106504;-7.31641691190126
5.78256911136805;2.20604069930212;-7.15554576255045
5.49192154277025;2.38338030653594;-6.72675963980556
5.55802034545587;2.09167051180648;-6.79643784938065
5.67828780353533;2.9037696705133;-6.56887201996387
5.04787902892723;2.50849965949033;-6.55856662407664
5.40154278325527;2.78540635388739;-7.0428756374156
5.42586945236958;2.2310827433722;-6.25392297947354
5.41590110360664;2.30648033989605;-7.12944128038471
5.36075153462649;2.83533573336301;-6.89204311077432
5.57844651800917;2.14049757316035;-6.12508912193272
5.09876376815227;2.39423690409168;-6.55215976408332
5.4373523441412;2.18889570815222;-6.99452369840446
5.67909384036794;2.26522631869253;-6.21981759634425
5.4859807959331;1.91694817674141;-6.58496285250423
6.13116095862287;2.20628598534432;-7.05327568167848
5.7709944234257;2.03252103944085;-7.23797462709024
5.3641751694509;2.18321828792931;-6.5930380661881
5.02920066506034;2.54315586905453;-7.17539662109683
5.8103535816138;1.83870086373163;-7.1522292576311
5.75311521042544;2.57615517886182;-7.04984023558922
5.88162461193386;2.45605067241218;-6.48457708514158
5.69935265587725;2.30331393414008;-6.91434895940811
5.97204159658023;2.40149270286304;-7.18168284277598
5.84234545154136;2.53413210926167;-6.80065889209737
5.27329597937675;1.91396759682607;-6.37546639143647
5.49043354180906;1.89103178255923;-6.82602257579966
5.19391062586456;1.66744531248906;-6.74557056066567
5.13597607893358;2.66607013319361;-7.27316305895086
5.01731442439474;1.96197852512913;-7.15405237011279
5.4367380158666;2.28452111830052;-6.56719766468423
5.53213237235349;2.11140924783603;-6.55305959427458
5.89862520618192;2.14198441261605;-7.0554440520255
5.55006580231045;2.52137615304842;-6.53574541001405
5.16911261252279;1.78546547656785;-6.42378272693865
4.85106085215249;2.17249336871868;-6.91588448255728
5.95501848903307;2.73550161164754;-6.44956113326594
6.05132011736663;2.31107423088813;-7.01931298684924
5.0786009365351;2.33396462971738;-6.88741419272947
6.1145542164218;2.02991812496945;-6.91560290054263
5.1967137267383;2.82432296416142;-7.05386965496319
5.45363208817394;2.17815237313597;-6.24979397496753
5.80074618106565;2.02561060380073;-6.15869194913396
4.98005470313621;2.27622137028077;-6.6932833322037
6.01676839961487;2.59767708361456;-6.46126318221887
5.93740169821953;1.86194984193464;-6.82537322190448
5.58511707197328;1.82960603226275;-7.08974707369243
6.21021228693012;2.39335397946246;-6.70259837995785
5.51345960476613;2.74309870828092;-6.97758202442263
5.51510884016222;2.65104532351864;-6.56297683321543
6.05484873023174;2.44216253907936;-7.12614316334329
5.61545365908559;2.07344308705054;-7.22648412180051
5.1588339792402;2.62453667825932;-6.51668190467526
5.25417632935452;2.57985468413012;-6.7398650867195
5.63544592627092;1.97698754205311;-7.16666888336685
5.12957435763532;2.17040105048584;-7.08014648392031
5.22567499181179;2.55716981018868;-6.2459838151764
5.40183332504595;2.30747446041564;-7.11744315852617
5.48704786358056;2.75335958671324;-6.27855576257236
4.88291782775396;2.31578173530606;-6.51380541913984
5.36362612895599;2.57382221989265;-6.464008774965
4.98438428789661;2.09856950783487;-6.91754095337352
5.25838627332056;1.7695344498536;-6.3360841162815
5.35120115311332;2.3700648641554;-6.63009352789802
5.16542923585387;1.77456797282242;-6.88892723838427
5.07282625275895;2.1153825046242;-6.25531534026801
5.38742192919274;2.52931462631423;-7.05697797685145
6.04392887860507;2.48333318466891;-6.35522059094708
5.51673689133084;1.79189600205654;-7.31096753416184
5.84549505270462;2.70626531825745;-6.25920206632926
5.44055835923948;2.41018811035263;-6.0957310630955
5.95638365828222;2.44793064982289;-6.21498370050787
4.97843259054037;1.89844973165052;-6.54321852918399
5.6475381630146;1.94986678483208;-6.18943363384334
4.93714671959595;2.04634633403763;-6.67133862441415
5.82047563149612;2.13258766204498;-7.38002521694721
5.29524631352181;2.39365754128572;-6.937294543354
5.61410591170272;3.01357757328558;-6.95334853783826
5.28258417000177;1.94182090954525;-6.75913280506075
5.48942006596769;2.84982610729307;-7.23515706540152
5.56773934577177;1.73387873831865;-6.78700017400144
6.12264295204339;-4.10748655659871;1.75307884491969
4.80531154293182;-5.25645863584701;0.806572821257694
5.4653515891775;-5.68159755715338;0.687987742541363
6.12123767443271;-7.341947393077;-0.296319366982351
5.37382973001285;-7.19674793957306;1.21914387729303
7.66961751148032;-4.41460637555292;1.35426191224229
6.87768496052451;-6.19919049435324;1.06460454347393
7.37970390540677;-6.80710514420242;0.486246219695821
5.35431127513441;-5.84782651166043;1.44838206998274
7.52327053898446;-6.99651137187155;1.17760650831934
5.32003537056307;-5.66281683054974;2.25778603866656
5.82357181331383;-6.32880056870318;-0.254538471402328
5.8537874923338;-7.24106463198334;1.74045912328044
6.67679979787062;-6.05831516372007;3.0343434369955
7.93412993020285;-5.21833599927223;1.60430391133792
5.82638685230627;-4.81855084309094;2.07469628580889
5.61373200625936;-7.3527841409508;0.376644602532916
5.80715594477859;-6.89244797742237;0.0827536185521915
7.03510574812148;-5.6444162395472;0.895349495872848
7.12062813642625;-6.52296891438824;2.7900991734195
4.97586668563118;-7.18737863701548;0.653094364092028
6.0396400708701;-5.75466486163213;-0.16569904308004
7.79031816090047;-6.09987102705647;-0.13188617710921
7.11239003452983;-4.84417182302973;0.208867903313369
7.81773955530984;-5.35210837225084;1.25614740736312
8.08109890615899;-6.97631559460149;1.02363790950269
7.77472852787608;-6.45113789764306;0.525119816346654
7.63892069843634;-5.96116881171919;-0.278538737024152
5.33687422725828;-5.04497401205862;0.795278158002447
5.22703611932566;-5.07998551086641;2.41274437507133
6.50578126535157;-5.47745670522115;-0.336948044104973
5.34013023530621;-7.49764678670368;2.02383011328614
6.00029281314705;-7.3223327633131;2.1119138133501
6.38475708770161;-6.87795880956236;1.82716619682095
5.24629263531346;-6.03746994780806;0.039078859382464
5.62390328920684;-4.56507325413936;0.431692482362207
7.29795517260817;-6.407897426729;0.116047928475993
6.31071427764717;-6.71846391230527;2.69746914708268
7.43142385933244;-6.45097361868422;2.01466093122405
6.42901472565906;-7.88696685363169;0.535965432505026
6.25738699390979;-7.9141534312889;1.77440316580138
6.3071358122062;-6.05104256719641;0.294630924483757
5.75498152085539;-5.75771025269365;-0.59159812296942
7.04261153509974;-4.97329599708217;-0.183542707338966
5.7631109471355;-5.23051224751047;0.078259123833152
6.52288823208766;-6.22128968112155;0.283386413038378
6.0473179380726;-4.98180892990409;2.8949566649148
6.13565084342274;-4.47260939074693;1.33570048575603
5.92090223471143;-6.2816144899483;0.494242738144257
5.65320976290855;-5.39517380620955;-0.0059930859949584
5.13021219417702;-4.71410402990474;0.435588703821935
6.57399283853847;-7.33395782647797;1.10532340375896
5.44994811377697;-4.69409889593842;0.29372257049028
6.28033043144288;-7.46396616621094;2.41404968501106
6.75138325833151;-5.84742485052229;1.37862636353284
5.40564208774081;-5.62346833592432;1.84997629895118
7.89454804851643;-5.90698834021566;-0.043909598898408
6.84885340006779;-6.96007999504226;1.05132938574328
7.23323742867249;-6.88628173089333;0.44378182102995
6.25422690878571;-4.73935537836854;2.800390365271
6.56553184988957;-6.67321020908788;0.328347638474741
4.37637857631821;-5.69216366964397;1.32764616311873
7.2791002509505;-4.32194314754978;1.34713411537399
5.45287944831513;-6.10279651112278;0.922616199225525
7.32460756305556;-7.03706163549226;1.38114560724994
6.25077153230947;-4.40317299026135;0.0150602387403276
5.80893053509466;-4.78480536348473;1.51612246735495
5.94160836591513;-5.25669768631746;0.454169098053295
5.77564080819954;-5.92375287014965;1.57695315970587
7.16802649282349;-7.65814733521406;0.472280169914718
4.56237706924904;-5.80144173758027;1.56459646688203
4.89417473008707;-4.83043326211778;1.42647800074525
6.78468022530484;-4.53015201675477;0.45894202178574
6.31029939043419;-4.264925441528;1.91658885705895
7.82799496670628;-6.62499183414121;1.4542160555222
5.16578693403866;-4.7417745150723;1.13934719021539
6.69198711312969;-7.71873914888652;1.35694002347037
5.84234491235288;-6.51276566095041;1.83476063610407
5.36622685574276;-6.62875973461555;-0.319792620573371
7.31107386600698;-6.02254810844594;-0.036135085336876
6.16668109709467;-5.83411953947884;2.83098432453851
6.68061031039503;-4.44353293698311;1.57575257607535
8.08186553748263;-4.87422642796597;1.09250509439058
6.46659993388171;-5.88864883272031;2.41453745402371
4.94296394692898;-6.00575147249681;0.318207184555241
7.75443421453504;-6.03848439862912;1.05276073947007
5.93352206706108;-6.02439408024491;0.138508199113115
6.0963932343981;-5.97058715325627;0.620290961247989
7.19195833369353;-4.90976851780447;0.227808352570367
8.20268868223073;-6.14839497987822;1.59604077171256
5.06464010001602;-7.20457157037489;1.64691245303196
6.01298267364044;-6.29708171354074;2.64430466871057
7.04894787479227;-5.22695816698885;2.06907643326533
7.56757042250239;-5.75541185713069;1.79467398945025
5.07174118704663;-7.2609027879477;0.716324471425623
6.11663105107825;-6.15786874151302;2.13859705000467
5.415771504979;-7.581522035265;0.426813771027772
7.6432561901196;-5.05941253182077;1.94582137430662
4.75709980106498;-6.92923725805976;1.73532178673207
6.85463559795583;-6.34986811781569;2.49886856409772
7.1647086171319;5.90996459055261;9.1674541645558
7.01821994404682;5.72538050582156;8.94557700441136
7.08590681332748;5.8525116019462;9.12255596834107
7.57929571337182;5.75764923645392;9.16329649808937
7.13246590909625;5.9498603752563;9.37709064100585
7.0573345062004;5.59281517395851;9.26136716196164
7.22027569572616;5.66227010947806;9.16099769893635
7.16001681269567;5.77539470653669;8.94474431207059
7.33481735504742;5.63957030215291;9.303328242711
7.04567436635329;5.98379536705221;9.12591686408185
7.06400343597638;6.00090534647756;9.26777781156061
7.2095500388409;5.90890194347264;9.16248690796879
7.08671146685542;5.85744045385997;9.33540615921476
7.26427153711858;5.7265130180503;8.96991462813768
7.21666559554879;5.96714407249073;9.24239032139953
7.29455853396112;5.66877289055897;9.25815824819903
7.3549954486298;5.58870219361963;9.38619171083241
7.24897208687077;5.64526399655219;9.28788926883087
7.30423107343225;5.81150915846482;9.37789285883645
7.20830296980016;5.88291333243483;9.14301991314868
7.19326750116786;5.48624400387838;9.05859896512067
7.51411554169835;5.92895586077622;9.06698986617851
7.41840524107453;5.93913672259321;9.15707908601484
7.52171613308676;5.87738107986853;9.06381121103472
7.4607006062141;5.59478856763771;9.18054606849777
7.19802193839248;5.70468130894059;9.42041499662426
7.38040251724592;5.94561176532546;8.99704792097233
7.31889528059037;6.08095383797618;9.25881514685233
7.41017035965526;5.82235865825818;8.88172199939989
7.21761189256534;5.6845899898437;9.24966141183667
7.12247327194175;5.99629735340258;9.1274021747684
6.97290375141524;5.86697067725788;9.08694768784122
7.31641082655856;5.77179028350235;8.98702513468238
7.24256760032416;5.71111481719003;8.99359537627602
7.52090230755915;5.88026891275024;9.15619922356578
7.10949312714277;5.70602533411224;9.42407161923585
7.46881713211763;5.7940876179832;9.02830852447274
7.08655345898664;5.85170983927116;9.14346242123028
7.47804639589345;5.80787852954141;9.1548431702933
7.52360970016864;5.80523751737279;9.27907828440643
7.21926321878321;5.53182307744861;9.35811567396244
7.16869514295387;5.52242549007221;9.27057100376158
7.55945479841547;5.85839139500095;9.23443867436855
7.30258746302378;5.51965829924786;8.99005904482145
7.09113802046871;5.83113385669155;9.0980258245754
7.15450978435861;5.52538748532478;8.9801442365004
7.10872164584432;5.6976500021425;9.07658990428904
7.26936423642399;5.78237351237073;9.45746657941248
7.15625624516252;5.70720814287592;9.14774391215256
7.27416786581624;5.98803727174201;9.38783489068832
7.30679617149616;5.85160348571557;9.18355112577213
7.13400933638238;5.84483131681669;9.16191464149446
7.13272064182771;5.73818665079955;8.89034324638466
7.37614348086977;5.89383219455308;9.15945459364203
6.97057619965475;5.82609110086798;9.15962101604552
7.54819709942877;5.86761409100501;9.25537224714842
7.10966443324243;5.94425380193731;9.29429304957882
7.0270417378008;5.99721541478227;9.14882154707466
7.46999962565533;5.71576360388988;9.11966232484503
7.26604051182337;5.867127004434;9.45874660202353
7.52735026453741;5.63017716822767;9.14133069553773
7.52787779752341;5.83125728196367;9.24046478517502
7.09106871626841;6.05240926950529;9.14184786081809
7.08398739833022;5.61158457368232;9.23781456071931
7.28048459806277;5.662442327119;8.86712623195403
7.54595201785831;5.79383266382472;9.31492303667352
7.13454288018965;5.50521894785647;9.0178652347199
7.46141584689198;5.83591578008404;9.08216363874924
7.06229304655838;5.64656331283851;9.29250911717057
7.1869254628871;5.98024262231899;9.15106604247856
7.3984554725899;5.90799338038996;9.04782046006149
7.16221028577602;5.99467945866836;9.19296225771698
7.18214265501664;5.49793650866893;9.02712849400322
7.22514431887251;5.60957239828885;9.18872950349922
7.22516666270513;6.06748417244653;9.16865928332298
7.24292895662917;5.59933810520674;9.33581319314835
7.20702060498319;6.01825458180754;9.24166393955909
7.46888880281932;6.00861069314896;9.12664106148312
7.03828640180877;5.78801634375092;9.05143400988747
7.37525278325801;6.0703090763812;9.18499558778459
7.01024362204865;5.76060875633681;9.00831817825459
7.49164025400139;5.62138489869284;9.3152664152564
7.19038569417676;6.02780926151346;9.20966671721606
7.38463594035783;5.89737964225966;8.91284129893313
7.38522128240586;5.82031967850757;8.90209788852062
7.4744006914797;5.63497634970444;9.09379319245005
7.05596481579068;5.6797950662242;9.0121769385271
7.29751970716584;5.64487307174261;9.07197118922518
7.02615273410583;5.60327809075732;9.28196512209665
7.51614573018076;5.69049388369304;9.17912356866385
7.21089383120663;5.62438273129525;9.26578578202894
7.01367468217224;5.89480742316395;9.07283184718485
7.16021276516153;5.87046383566961;9.29141382098248
7.34609104383358;5.60689683212456;9.25310227441189
7.48163933086288;5.66064672550624;9.31895656222797
7.14758391311655;5.80716463710811;9.0313669515047
7.21930415233766;5.66745006087476;9.25026028276873
7.13570081962241;5.73194111380168;9.22482285589163
7.50243440134261;5.9744679013109;9.20757146240068
7.34211252013847;5.61815077515526;8.89792241532293
7.34482523541651;-2.65524873930149;-3.11886086244312
8.46819098014565;-0.934374178663146;-2.65869542783727
8.53305813441464;-2.63418698880128;-1.62995215470185
8.58912159053091;-2.6188276044066;-4.35175461419107
8.32608603953565;-1.74257626934019;-3.94563514360757
7.79122892875599;-1.55394320320411;-1.75074638550982
8.14169698942573;-1.61191254084666;-3.73713097221428
8.65960346071652;-2.89971462621834;-1.85943378695044
8.30311612563976;-2.28638127711563;-1.88914535119238
8.7915091532606;-2.3156041342451;-2.06082864948069
6.89896341629626;-2.95008077654825;-2.18617188068604
7.06662352380586;-2.99433184096107;-3.33033775156335
8.12997883997832;-1.85533058463747;-2.19773806003236
7.38186880757226;-1.70893539051632;-3.29175261235697
7.63353007078484;-2.13014630061929;-2.44156010272297
7.39230210852693;-2.89836563034135;-3.13946050813729
8.56675732317778;-2.66869416786282;-3.29930809344687
6.70813572289141;-3.02074332548234;-3.12439330054052
9.37004831634076;-1.6344239835247;-2.48726394681342
7.24269836450207;-1.60863643500691;-2.10500006600002
7.14555604149193;-2.06816123590625;-3.30596323978956
8.07687460690445;-1.3108482637178;-3.69344901742958
7.65666455982233;-1.50957924701624;-2.07425135536364
9.0719605990608;-2.61058802607425;-1.78078790716564
8.13930351546743;-2.77175783242649;-2.34512332292696
8.58253350954484;-2.88892126547678;-2.95396505892221
7.37379381938396;-2.63760322032474;-3.89689683179401
8.53242726128817;-1.66704710509286;-2.46166278846868
7.08681710476579;-2.70333201507707;-3.50486100958758
8.74306110693556;-1.47629034317048;-2.08544066470181
8.42851584248908;-1.79993873024084;-3.12747058219439
7.43480822996639;-2.87752596679282;-1.77435913846923
8.20552439737939;-2.02146442607337;-2.02432909989194
8.84738196751556;-1.64706522940402;-2.84293117863092
9.2237304912442;-2.76815753460617;-3.76323478842985
7.71483221306844;-1.74416564913081;-3.50960145297597
7.78920685342012;-4.02938647678709;-2.98617012131448
7.22090232013352;-1.5712664625131;-2.79184119562615
7.85859492504037;-1.99277707313193;-1.96693317907475
8.29630962729604;-3.49056938046045;-3.52413277382278
9.33499903802357;-1.83638642093462;-2.89745120889566
9.08169806187239;-2.97792134441116;-2.39998090933568
8.50942925084399;-2.96638927158604;-3.90875437330637
9.4326122002537;-3.03764167700677;-2.12449135327185
7.16578071348491;-1.61134136388388;-2.79945086248771
7.95663853245146;-2.54319664718091;-2.3356188973397
7.16853629806209;-1.45554719474594;-2.76040886932529
9.01503378168262;-3.13297194067868;-2.06820182255836
7.77244597214953;-2.16656098897061;-2.33653072244699
8.01516442568986;-1.52490410632196;-3.53320040220081
8.49691572063944;-2.01037235347599;-1.73799329352473
7.97466472455201;-3.72821724116743;-3.22806047680135
7.93628898624369;-2.43565056299803;-2.15614627810722
8.3886145747263;-3.67379531028313;-2.30601409638073
7.75267603126893;-2.20244920309568;-3.95198744192487
8.75442596119114;-2.68164404970447;-1.42983118739121
8.03468730507586;-1.95205619118907;-2.49143906418619
9.21875036155512;-2.78046499895255;-3.70261632794427
7.87190828272191;-2.1049752724045;-1.36898821706172
6.97324751099031;-2.4857505702444;-2.09874246751283
6.69158648988268;-2.39141117347515;-2.75961575693535
7.35099797566675;-1.2046193402584;-3.32322717799558
7.13866237003652;-2.13601329737542;-2.26253956367374
7.295430411326;-1.65383101715746;-2.33163878153401
7.97861224758155;-3.17131072500485;-3.93443072082282
7.92805066961559;-2.15653115582977;-4.16199816470041
8.10156457624487;-3.26703698678138;-3.25555724600974
9.30778225613985;-3.57911049909781;-2.85388562794968
8.90377879109774;-3.70526481560257;-3.17407174704415
7.22400580652944;-2.75271597590902;-4.06745761836885
6.82327121915698;-2.22806440521384;-2.8609112487652
9.397452387043;-2.07437805929272;-3.76669628378067
7.51774509088011;-2.10152710071053;-3.15360060165176
9.05922986219458;-1.43999639436462;-2.66372449094774
7.71190930490473;-3.4902655467755;-3.31911327503227
6.85317689682222;-2.63918620157955;-2.93756108242777
7.46662670977823;-3.48502785539204;-3.84600527691101
8.47575462105648;-2.16995759131647;-2.47772451755972
8.65916575436011;-2.77374622430964;-3.24286646811213
8.79966164099462;-1.36197327889362;-3.76926302978844
8.56803425038822;-1.55154130088142;-3.9420044583681
8.66488995800073;-2.28248651462703;-3.26712935131536
8.32690127450681;-1.72470835286147;-2.95577165437595
8.32664938673094;-2.71426610159947;-4.33924185511135
8.52903987043348;-3.45014105037622;-2.52920389159956
7.80256543142198;-2.88387113745629;-4.09595383886955
8.14585703235822;-3.33002547392959;-2.89473094003543
7.16786745528906;-2.67393735163539;-3.94510684058527
8.62069721702937;-3.2144455502196;-3.57593997193115
8.01937446721619;-2.75554255197838;-2.64858905530614
9.18227918005863;-3.15597189693785;-2.61753310393328
8.53678239880281;-2.86988502886907;-2.32310442198214
8.72956801865902;-2.31597791075247;-2.71547902903145
9.18082471260777;-2.95908017838169;-2.81998250817395
7.17526284396302;-2.26097212285273;-3.03298228182046
6.6744796901144;-2.8228853710108;-3.28914274336839
7.4572129978758;-2.52931716835503;-1.5015055886251
7.47198868578102;-2.8884815052879;-4.02477805535247
8.4492678003397;-2.64293573155774;-1.42918717663801
8.98229184087986;-2.0888004550066;-2.18006536415618
7.02790061147804;7.48758808948809;4.0626514373895
6.91121228002159;8.75185732388044;5.75860107283377
8.80077343107454;10.3718348921541;7.64913686915658
11.0064662346829;8.96238040325104;4.56276808599521
11.5850347113961;8.67171898580958;5.60610427550945
8.20464142784522;9.00853636630747;4.93878274104293
10.0010039268876;7.02994548939109;6.2742959096116
9.71235400978176;10.6937756028665;6.59971257280908
10.3335409147273;8.16476688339186;6.48031929878197
8.9841815141434;9.53570549172998;6.73800378572718
9.67738101762184;9.15556899673403;2.56895860219826
9.04972371761242;7.94430111349597;3.81382293135419
9.19840330397953;11.6122924916809;4.85942538756655
7.42940829206018;7.09864714314565;4.68582246615946
11.4908038119541;9.90704030911607;4.83326321826852
9.22149813259156;10.1803931629891;3.69381899093316
10.1154084847898;8.76494165083906;7.48032057427119
10.392876529722;7.18095876041398;5.87897372364068
9.00286522362082;9.85322681595687;4.2726250664642
9.8050495463628;9.46182958041393;2.73925780669994
8.28637465639652;10.1179739930674;2.58270899488075
11.6932340461487;8.41305940117922;5.20984830975731
8.07385579004295;9.37405658344921;7.37808186487791
8.43015637324558;9.08863174916192;5.47897753831977
7.34817605420229;10.5378461152696;6.89936794705336
8.98283711900967;9.24770592430241;6.90816248027171
11.0714878481817;10.8472798778849;4.98436706660342
10.2544334237548;9.99551150406233;6.60003513683496
9.21479195644985;9.33107728400307;3.57305206827624
6.98362157136488;9.55372819822612;3.90718832802308
9.09361175242172;8.77457058327902;7.590779677638
8.03821019906689;8.47422011602245;7.11025298558876
9.31004063141971;8.75515453193009;7.49806925443943
9.43110141666082;10.8717362018516;7.207306032785
10.8844259272428;8.05799065056938;5.05819817803356
8.54254923961289;9.63108218137746;2.61383274077191
8.86429631927235;8.81410275286446;6.91570453137063
8.41731077075716;8.86737100211281;4.85858868856719
10.9757568554211;8.59709073748179;6.15404266681992
9.91792291008788;7.54827283381945;6.11116076053764
8.50100231122456;10.8173799261362;4.45535321781902
8.20074108557771;9.52164080237252;4.70235748305629
8.67355852676146;11.5871399840579;5.84928767545883
8.35481488412771;8.72192521025163;4.93958187610814
8.45718366830395;6.7235643370353;5.9518344392732
8.63180082401208;7.8444284579956;3.75668444161307
11.4585099962366;8.76537554403563;6.20892123983472
9.56435725274094;10.1533590332282;5.16960890465624
10.7689826292111;8.07745215349768;5.98174364399184
10.5605772304299;9.21333877008032;5.18540348198638
10.5398381067109;10.2102032483641;5.52493977876302
9.15263469189627;7.5705350594063;4.43597528245862
11.1123563609858;8.66800946315712;5.20709813912198
8.10538114337496;9.65785403952922;4.66333795655103
10.8910152455912;8.88556359593779;2.92831469327258
10.4479479312912;8.26890281247885;3.303418178532
8.5607040002089;10.5243100677975;5.06242361031235
8.06882975773515;7.04434109091379;4.86255611755975
10.7209945727197;10.2145561001789;6.58620130046019
10.5257926476964;7.27894221851328;6.51028390821646
6.85543097153216;9.75562385797059;5.05728561599104
11.0388540719931;9.94376486748151;6.75012042060816
9.2977409353074;7.81924643835349;2.66755442863472
9.22487846117972;9.2756373632473;5.87392291351668
10.0533828865516;8.42042803988013;5.58309171377136
8.67064799106205;9.52771907725197;7.39840955189519
8.37254247312581;9.95278728874659;6.46839056705317
10.2006442506106;9.60489795414088;3.81364323630807
8.63534764142849;11.4062955714982;4.87711306437968
8.5663186921381;7.751379628157;2.97815281324209
9.67006763552463;7.36301869437934;5.91667545864726
8.78848843307339;7.02788201515563;3.96617749523451
7.17455909714929;8.96016635820402;6.89464939556869
8.5304917230233;11.6542557256213;4.87081443901545
9.31871224232546;6.98736327323286;6.24663897364644
7.94089798792375;11.4338814836481;4.88822047653618
8.93534123919232;10.2109794933698;7.64780724753656
9.64069391816557;12.0254920645854;4.67188649703203
9.60368156712114;9.21735957599875;5.72043818122325
8.83853310486121;9.69208417654794;5.54310110207375
8.15624204775598;8.03042285657486;5.90575384106451
10.5849857788029;7.70293245631641;6.91708661970004
10.5932254596713;9.57177690513693;2.98692248516284
9.15004748502003;11.3769936158223;5.48139648710082
8.17787842949297;8.2487198929698;4.32586774078369
8.79030247029078;8.99922195136424;5.60817161412555
7.74620198707487;9.76330750428479;7.52715665754804
7.91886772750718;7.06151609233136;5.4756337530384
7.90631009543234;9.56407231576473;6.13769772089855
10.2517504314048;10.4936879669861;4.68009647198906
6.90217013829698;10.5700645042015;3.89962388506004
7.85641352232965;6.81390441108863;5.79547757272139
9.84544842246916;9.19905412071556;5.89473656457653
8.80373645233397;8.47398044632743;4.36215304159978
9.50688298467722;10.0694605046849;5.71014353852859
7.87999723952597;9.44548537236036;2.80259930060133
8.03166954498503;6.87789755266933;6.00991184424772
10.7398715954822;7.70106099467204;6.83590323461507
8.46998095660908;9.2450110614368;4.31566470680019
8.61746008053674;11.1960095765924;6.29503557730612
9.09559234310377;1.36595262048305;-7.31054157425631
10.0554779569314;0.0605005826100399;-7.39081739936597
9.5951295772359;1.72041690256211;-7.64777608545614
9.50837918432861;1.82273907294803;-7.1172075686067
10.0680543920956;0.705993337791471;-7.35391221401354
9.8840799074761;0.796985343674791;-7.88867530200737
10.9599652447916;0.632571501328184;-6.71724524049605
10.1250793429646;1.32320876883718;-6.62390311024882
10.9388184485921;1.05463051234606;-6.73758620447566
9.94560886236343;1.35148423492372;-6.38800556341737
10.0573695459786;1.13388791689856;-6.59651548490911
10.479065738505;0.942338153742443;-7.62704685142291
10.7565910411157;0.56183800658143;-7.40357035902787
9.71905116329282;1.42648760639115;-7.80132653866106
9.3073738427112;0.949538047392658;-7.85872089197856
10.1100463418904;-0.0782400417514695;-6.6322230560349
10.1533458659613;0.88706698733379;-7.50714027821786
9.96464740591547;1.71802012063997;-7.58156399292379
9.65295338008605;1.23952377499547;-7.36686238234354
10.1498276913132;1.1184147208286;-6.01983923189929
10.1112385719228;0.454592468729468;-7.74714234194262
10.2585198230743;1.45279517787002;-6.47479832028276
9.58702291955767;1.68644246011025;-7.37074040828127
10.3245996753422;0.419602624231603;-6.12994016559148
10.992340115407;0.774991743196653;-7.25189423968483
10.2741236251551;1.50346123050753;-6.57319325808643
10.2237802388063;1.11676214109773;-6.88024492728455
9.02780655823787;0.741717870439107;-7.3734391166459
9.64721248189537;1.33412874332752;-6.96186032834707
10.7747896951268;0.577936415460193;-7.40207142642771
10.0198595022986;1.99784974047954;-6.85357994661717
9.95823275529147;1.56422967669319;-6.22777552819344
10.641686358151;0.517605634834309;-6.68136219507421
10.0017924684744;1.96553645404198;-7.58795064835783
10.7448695454726;1.16148508258886;-6.36384818496999
10.8421479278099;0.875204496106377;-6.24610712878961
9.8899820793143;1.33338656948841;-6.8151712162922
10.2583993828414;1.60972533739136;-7.61026280383614
9.30963099365627;0.113940765998843;-7.34635745480266
10.2691477748955;1.23030859665819;-6.6272229910932
9.9865182506952;0.428958885488035;-5.99455991597472
9.40535237662719;0.734325013686759;-6.72183698984997
10.1381731913343;1.4969381449191;-7.22830543083824
10.527932727923;0.216668804413034;-7.25107741855595
9.78403279604867;0.597558770729779;-7.99235124244455
9.69036447227592;1.33844636820053;-7.02644328510051
9.45279975424156;0.226045818616005;-6.49984803722236
9.36110510227759;0.574708743854607;-7.41656233237285
10.2145289420453;1.90517354728717;-6.80338805786989
10.0788269256888;0.427675517160568;-6.31269875570603
9.81139116530135;0.501730886169924;-6.87819620317059
10.4037244455318;1.20034014864202;-7.85410773903338
9.76957025646665;1.07753211482388;-7.83264674147656
9.6533774432411;0.206397427732425;-6.34263136258659
10.0283182624808;1.89554739292389;-7.29898626703006
9.34277177681789;1.6128779839839;-6.73827573395175
9.69773793741389;0.957949057239157;-7.45822722948545
9.88588023705113;1.69753235003269;-6.70204068100261
10.6257138075416;1.03814014679083;-7.17481980493746
10.0247380647972;0.261316134655861;-7.32144709701039
9.81706317811978;0.712985197617459;-7.71203193494307
9.55074807793717;1.10526384606927;-8.03890426085635
10.3673729446446;0.243155928726003;-6.34005705399913
10.0378108316229;1.64519603344649;-6.77204131944832
9.48706554688414;1.92823199990176;-7.29584610713939
9.14721381292913;1.21010835424975;-7.00749241046614
10.6658618574905;1.25081477745434;-7.32024878410485
10.6654322180045;0.579769691020166;-7.41906075679056
10.8421584713111;0.610603795636575;-7.44460211332622
9.44125344687282;0.247492353519706;-6.48887179178886
9.368481525884;0.980344212495085;-6.92363710600208
10.1507917961364;1.93998714020871;-6.73692202066815
10.1921912236529;1.90774116274916;-6.54188220796445
10.4755927268973;1.92515785315809;-7.06215829278978
10.3121664933686;-0.0650585299226221;-7.201200742067
9.59848403395208;0.330997870945321;-7.16492863402767
10.4500431030253;0.46632469673542;-7.1018485519517
10.2294619337859;1.12639551368734;-7.4823766844775
9.36109099551403;1.03602243359445;-6.88698489044365
9.74768420559579;0.765418639303494;-7.07346556245835
10.4430763388718;1.23762255182131;-7.016271905745
10.0403331792426;0.909117929698828;-6.2888382644796
9.81877018166147;1.55162658583754;-6.18862975167742
10.4611335693578;1.7362630305006;-6.51881066276238
9.20754958037562;1.34248330537777;-6.98545967196137
9.4892737357223;0.604540357792646;-6.50424332680461
10.4982775500561;1.74827827367639;-7.37914601209982
10.2066221239979;0.598696354247468;-6.55467035375049
9.74310426719024;1.07874945035402;-6.00631130306598
9.66475447927235;-0.103031047721582;-7.00169507867112
10.2473460283667;0.509902349590681;-6.5104442024289
9.59697532967257;0.290936358927609;-6.72811945151879
10.686359511129;1.4918459013058;-6.21583180353599
9.37353481487386;1.70279042289824;-6.64387152881668
9.87811224213333;1.7728828513754;-7.1961582978836
9.15384509658618;0.534386751244774;-7.4915749493271
9.46714317234712;1.46852443320473;-7.59067187710827
9.7689352414113;0.316643126599875;-6.7845965573498
9.88083413899546;-0.0538103935973078;-6.98229925911624
9.65035692010258;0.360694171523515;-6.5173813895397
-9.70775198619466;-8.68693522317754;0.800509983069763
-11.2644899591613;-7.1193088873949;0.938919793264753
-8.42983926960192;-7.00725650268266;1.65059270259767
-7.92495231560654;-6.63065565486497;2.41418592883067
-8.49758964692408;-6.83739987209288;-0.394320854996832
-10.122475821637;-8.65073479508599;-0.527888941677498
-10.8694954524136;-7.52185275159188;0.0332079907904566
-10.6594452484078;-6.8797181599472;1.04225940527324
-9.0482213589066;-6.95950837025882;1.30906768170613
-8.88908396623842;-7.31939223139133;3.40903486585602
-10.7056898814223;-7.05276464572497;2.46174540481625
-10.0798889556377;-6.60466258976126;1.37918644946428
-8.30382395553525;-7.25246994355533;1.3972924738588
-7.49441187023689;-5.96387705669743;0.0611994138080378
-10.129031786492;-6.26058652994403;0.281462141241161
-7.04043460024773;-8.44846719628186;0.685297840022164
-8.85666727105561;-7.01182065211989;1.56871406996902
-8.03612646844817;-7.17748421204569;-1.09747471027492
-10.3479722535362;-8.48760761057946;2.37666031632956
-8.46826779681939;-8.4871182003477;-0.0745239433261606
-9.81939295664016;-6.57834240670647;-0.275146595508959
-10.385745934919;-7.44004716008399;0.431683210537414
-7.36530804113982;-7.34222179404268;0.688534696556855
-8.94368632732449;-7.67575303148251;1.93522661497815
-10.6816012948962;-7.79374814768328;2.41869906553044
-11.1008102078625;-6.27947476411403;0.59846823744404
-8.52312602569841;-5.50995805010305;0.149948855209446
-9.8482982434606;-8.94428458081335;-0.502563489870184
-7.26804122699543;-6.49895605389586;0.726001088503321
-7.33539939264236;-7.94507014500006;0.260525884210572
-9.76609936204488;-8.32851774466794;1.69867173363986
-6.73218675897523;-7.09501301978994;1.22782258154319
-9.16126316137264;-9.31442134198572;2.03336815902161
-7.39082576100771;-5.89506345979848;0.30839721841475
-10.3050921653808;-8.23542298707388;2.14067392398943
-9.90314254440713;-8.58727373439327;0.195368887002976
-8.62637687769105;-6.19759164265689;0.984586637524948
-11.1777972281598;-7.93797440365851;1.58619445675344
-8.42053408118772;-5.32920851532774;0.0992191241114355
-8.59291489083273;-8.00517225073866;0.116298189068959
-9.46197960736298;-5.42669911984538;-0.484322896565267
-10.994907890543;-6.55659964540114;0.0220342207202704
-10.563386826894;-5.83279745317681;0.896225750488629
-10.5770920609427;-8.60392800312104;0.192655162881339
-8.69254712798909;-5.25326861421883;0.101462832481672
-9.54806967715998;-7.71102136404591;2.05901907944964
-11.3866624271309;-6.71420367253084;0.174703716378787
-9.82993462427346;-6.13209057274754;2.85336453412225
-9.76318442418714;-6.03588937222179;2.34974493517595
-8.46615272936467;-6.2795486984317;2.84587756110924
-10.0316802854011;-7.58470268512672;-0.966637556033984
-7.48715463615154;-7.56321478191348;2.15904082356217
-9.49358162243534;-5.98683618544268;3.01095694512325
-9.52147832317632;-8.77417243422685;-0.685242467048923
-9.43456273840192;-6.38740860870603;0.72919691052084
-8.67448511695773;-8.14376239761956;2.0256061270461
-8.3859369529835;-8.2164977960248;-0.488142565230268
-10.3042270847497;-7.38835279459112;-1.14419985810227
-10.468331730507;-6.96830534561818;0.18140926544684
-9.79959584092427;-5.87048870459155;0.358862693435724
-8.99276218440079;-5.60991171250789;0.851607560527623
-8.81938518606677;-8.09781346304108;2.68005641474841
-8.42603453628587;-8.68526206889502;0.740451273908723
-10.223792399739;-5.34327446615161;0.548348863664117
-10.6718992140894;-6.77484123954121;0.859927646402797
-11.2955184275936;-7.77025066562713;1.16466126951189
-8.33337903740157;-6.30005968864797;2.1636088701706
-10.705887967827;-7.3411288773817;0.986627544507282
-8.68350470622893;-7.00631808624436;2.29773270123153
-8.01167812230666;-8.43261089505932;0.00634046763021567
-8.99293656567912;-6.19047249315983;-1.01252178980359
-7.19121296274142;-7.33537367155784;1.4337835153318
-6.88217057369714;-7.42479918764025;0.690112459236191
-11.0793929768564;-6.70229753809878;0.240802757637737
-8.28734611261584;-8.17805388114895;-0.859197404907053
-8.69231718575064;-9.40394390585485;-0.0891563774528179
-8.19852880880829;-8.59363188925491;-0.580488175041099
-8.36112606483826;-8.52454916824151;1.40220620823349
-8.9340691756097;-5.7368567920238;-0.789322457063235
-10.0978617977472;-6.29323743003907;2.2899023408341
-8.37831458867931;-7.48154603456951;1.70114689651545
-7.46018903722858;-7.59622848443284;0.592368767029562
-7.61902581088233;-8.65512332053612;2.26644850892291
-8.99629307405039;-9.20317063006107;1.85809216007984
-9.06950189194976;-7.16209699225859;-0.772249914042277
-11.3870062394121;-7.9908196979241;1.20415427957441
-9.58850839315278;-7.08334546944783;2.53671616214229
-8.44479931739253;-7.61204329654438;-1.05126173206778
-10.1203532225448;-7.33019114887419;2.09267004712975
-7.85917915187432;-8.45567563577351;-0.216662007707856
-9.99911408595891;-8.16550135312933;2.0554942502896
-9.96588786882073;-8.85344096956693;-0.314552241318593
-7.15730230776645;-5.8843956549423;0.804870634379805
-11.0126845697051;-7.5982627689654;1.51459756231779
-9.56465623882021;-6.83022340265456;0.74279620364821
-8.23730372738447;-6.55757189138711;1.09320757670056
-11.0380556956279;-6.96263039730653;1.61916321616248
-7.11150947933758;-8.38368768556452;0.925570974482967
-8.77188385240324;-5.89067590978334;1.29596814253338
-8.82008217434821;-6.43813772530283;1.42363947338061
-8.35543865673395;4.62644127308076;9.25302714623655
-7.95967577206015;4.62126961321859;8.40088379868586
-8.10898009315529;4.06865801145195;9.39526723087313
-8.32424833651785;4.78178893238762;8.86661189595374
-7.7534637219473;4.86568559948745;8.70211348882344
-8.73746256319074;4.09809754184576;8.89643740020243
-7.7640632975869;4.4340932164667;8.94486031095026
-8.31167713809553;4.92102644375602;8.81532850953538
-8.3745986183385;3.96596350926321;9.42592592258563
-8.05645437096075;3.93122873419692;8.82327478808876
-7.87245280588924;4.58267196131031;9.33793710289596
-8.37451512566755;3.93562565850117;8.74260848488319
-8.64233573392648;4.01419418008482;8.94538738913369
-8.08791310883206;4.00992483825993;9.42716402501335
-7.94937155325544;4.10264759490967;8.80492488457702
-8.23860956967573;4.65052965155055;8.59158801337197
-8.65269641126758;3.96518475007733;9.14462393847157
-7.63590959421044;4.47492188673238;8.79546921953275
-7.81798005286149;4.07034068582998;9.20214896852745
-8.04455475976377;3.92438604183575;9.19436825509143
-8.11636709562095;4.40890994120157;8.80811740587468
-8.283228270673;4.93581883714527;9.2304020581003
-7.71171440803423;4.7435358533203;9.21064617192037
-7.72900725119907;3.98081922526587;9.13811894257802
-7.86768959276628;4.98858932707996;8.86404826702177
-7.70790168991591;4.0771130384799;8.80495134898226
-8.04276225400523;4.84520046660557;8.69209779420051
-8.59318459297217;3.95995532553673;8.56728426150618
-8.36357464900367;3.93392815954756;8.75838133666743
-8.07325643876671;4.97747737486935;9.30324093348101
-8.46900156209472;4.09608155327062;9.43371636172473
-8.12522269018186;4.53914710645646;8.48044745909993
-8.33392580251592;4.09388643810748;8.77527888400336
-8.01076744319511;5.0419274006303;9.09436243537163
-8.48810790287943;4.92646513383905;8.62499598380024
-8.55206500347554;4.07872126481076;9.16932913432442
-8.25096981112901;3.7682347287675;9.07994821997272
-8.59398500050606;4.95718740912011;9.07042427348392
-8.70155165981411;4.82979134668937;9.28445122147529
-8.2668467225395;4.94422605267971;9.47998525091544
-8.34790080305967;4.54844612257898;8.45385145048896
-8.63948250898381;4.35604467399319;9.40862568660216
-7.82512300897089;4.89657753797484;8.67039942955692
-8.10597301806908;5.08108412095517;9.17286292621898
-8.12639283496805;4.56027469385781;8.59436005735115
-8.63162412518263;4.45865356922771;9.30304962124354
-8.0101507938617;4.32621855697807;8.45761700471978
-8.73745664729633;4.69300982161675;9.08155489833399
-8.32737552475439;3.83033541759977;8.7288068897247
-8.5207018619492;5.12846028796551;8.82530360582059
-8.21718422560843;4.06566504912124;8.7021168197589
-8.33897455249893;3.87990629536106;8.77905600155343
-8.29610756149828;4.44477014754914;8.35202901534997
-8.02034380273222;4.7696925657838;8.54730041118548
-8.56993674696581;4.70752738550495;9.55174650855776
-8.28939437325747;4.09330909189981;8.69420802515957
-8.03109734874601;4.42411054223499;9.44376047040216
-8.50873943092152;3.94111340678755;8.88900394020432
-7.98266946892013;4.48308035461896;8.88559809489672
-8.84838995672058;4.31389737135795;8.88351891077011
-8.07209992991219;4.08483887687182;8.3987942583284
-8.40893791791303;4.29298465593614;9.0764200304165
-8.65179364236535;4.62235460874678;8.8879026780159
-7.92332960436154;4.60331879758309;8.90892950803505
-8.50779647560818;4.42145439172026;9.32770020232433
-7.83492544243171;4.52579408774863;9.44717429670218
-8.0844480383169;4.42626518270671;9.13552188337762
-8.6389498346102;3.92802408326633;9.24394839881019
-8.35251760667672;4.10345781627023;8.98381946909333
-8.3015338910509;4.53530834200765;8.94367035338283
-8.39477991129348;4.3976558627019;9.536368966265
-7.95665915025058;4.80109150598572;8.7669942285862
-8.56085789707014;4.33890296895102;8.98866327295658
-8.09378217681759;4.09910557609636;9.05908826531173
-7.86852357949065;4.15771969157186;8.70849652302043
-7.98201863172858;4.28838615811845;8.3367737667543
-7.87907531289596;4.5132486835823;8.80257579767344
-8.50253136715761;4.56759319081273;8.82073615620161
-7.76334639911904;4.60063643268821;8.51088376783301
-8.29306612708863;4.98778765370862;8.64483830761887
-7.62789577062526;4.4383060307592;8.89060352290795
-8.34608263830462;4.08227282693179;8.44095398024313
-7.65142575834211;4.13827888005317;8.68708538256474
-7.70026804998688;3.98597889143773;8.87861426405057
-8.08157129461989;4.23635399913096;9.38867241790328
-8.23568485873188;4.04826178981774;8.71409292565659
-8.18362653796516;3.97006042804188;8.87808241831205
-8.87909526786702;4.36253947692364;9.26576972115195
-8.03442288817799;4.16173747672372;8.4041371840168
-8.06630761485;4.47294179930213;8.75223648621634
-7.70856924463262;4.43345284890537;9.13101253248699
-7.93633397536581;4.71680213074843;9.09015134666219
-8.00334749138361;4.39327605077119;8.79024984108258
-8.39026650876663;5.13815809958518;9.14816140559845
-8.27689530980858;4.3626165017322;9.14563862229678
-8.09017729103771;4.69780306439355;8.82020560499195
-8.34304960569466;4.66842375384267;9.2904521613052
-7.92939746552676;4.94824680534258;8.92890151768627
-8.10090067896947;4.08437530984532;8.69922259753137
-8.25650208027801;4.10773241955225;8.7657895919496
-8.79354950668959;-4.1908235017807;-2.81558947526088
-6.06984763977955;-3.18218970250056;-4.45325000908324
-6.88021888202634;-5.56095354303339;-3.20936650001664
-8.77574281851863;-2.42123888276068;-2.90806529285943
-8.85340785931475;-2.62406244200787;-3.14020260386161
-7.92277286609904;-4.71101297248845;-3.13648879768933
-7.86813316620664;-4.48281337283264;-3.17617858266797
-7.78682644505564;-4.58114295178565;-4.18547788283231
-7.31292765973684;-3.75173326434905;-2.30378587356724
-7.64565881264191;-4.28800351338171;-3.63224133802033
-6.77210740087759;-2.67952054388989;-1.65602631033846
-5.91590584605034;-3.96245596433411;-3.58367915271392
-6.65156891901228;-4.82746690647331;-2.16231974719196
-6.14829124172691;-3.9116674641997;-1.82624199387568
-6.65198210521643;-4.09827774183552;-1.90057863360209
-8.42745015565733;-2.99480739161585;-3.44856135132796
-8.87109181917024;-3.86207455688039;-1.82501626578733
-6.49482780882138;-2.93772381016446;-3.11567200558976
-6.81527019496923;-2.47182813180731;-3.76212791670987
-5.65722209427511;-4.33155289997884;-3.21188985503484
-8.42082388084046;-3.59816650236038;-4.34151150347068
-7.38978125413583;-2.33567592051879;-2.75488628451749
-6.80472929844674;-3.12304593945964;-4.87701337900658
-6.3512811292993;-2.4108745040937;-3.88035550239199
-7.01403091161122;-2.44610887380284;-1.74482920369099
-7.7869266145914;-5.23645922788256;-2.10891173116087
-7.76332238381105;-5.52615472134554;-2.84963724302731
-6.84786104373396;-5.07758204173421;-2.84678139830793
-8.23865287504671;-3.85342086566652;-1.82320819441195
-6.27784591034798;-5.18461001490121;-2.78546955195396
-8.00389270353582;-3.19385131417226;-2.23623720554874
-7.93149000739806;-5.41823583019803;-2.21171911533803
-6.46802838557136;-4.85678810528929;-2.7093936408159
-7.36218384359764;-3.50325097880932;-3.98052837525545
-7.81748267117982;-4.1321121710008;-2.35336000003652
-9.33543886900129;-3.59455155826755;-3.12313109255306
-8.60809668241192;-4.5907592272181;-3.70519043083813
-5.83269055571726;-3.0197489888694;-3.29812297585677
-7.53705796954599;-3.27253481840608;-1.42572428343554
-5.96986999058827;-4.31509898638157;-4.12469609652004
-8.41899853678559;-3.55768283441837;-4.10913518307902
-8.47694510692502;-4.76433078716568;-3.53985646835757
-6.99363106113548;-2.56802273028992;-4.4181267675321
-8.24733864302203;-2.75778823200029;-2.67423803362487
-7.89417732803957;-4.46211963544366;-3.23956388776454
-7.1848158882583;-1.93515005020074;-3.6718711694684
-8.30697832404997;-4.74635160667898;-2.66843286387442
-6.61847706499873;-3.75026678984894;-2.14085357324977
-7.88215926851482;-5.10828997522267;-4.51286236671309
-6.9446419191275;-5.15262722335602;-4.39195499458778
-8.11461680313963;-2.18888757661545;-2.34790219347506
-6.8670924540918;-4.60043529298357;-3.46412851317204
-6.77551002682297;-3.6455263868693;-2.09824357430795
-6.73381060272617;-4.92685298327426;-2.57223517776904
-7.64541359236605;-2.45096180831089;-4.31920029819936
-6.93314624748337;-4.75037271760511;-2.95143441180888
-6.4043144080958;-4.3192414525127;-2.64555879022469
-7.55655287267871;-3.9707341192081;-4.06184083645849
-8.3268012111306;-4.79011299815928;-3.09952502533122
-7.39183244860465;-1.93462495549164;-2.77958460861087
-7.76550831005713;-3.69080235861272;-2.89772565644294
-8.81581533741221;-3.39310986027611;-3.42252780483965
-8.16035108239831;-2.56159539329656;-2.30932683585004
-6.41609963160078;-3.16983774827496;-3.20247297137772
-8.25272412867934;-3.93114234280445;-2.63283602863673
-6.91625221633317;-4.95935302103907;-2.17329933188187
-6.98903619449037;-3.97530231336952;-3.14715947378731
-7.15826115254729;-3.55130782944202;-1.73805937692539
-6.33023774770719;-2.51540794068029;-3.28630787406779
-8.98618403272905;-3.84715314151263;-2.95762532431201
-6.75237002744165;-1.95350847367531;-3.31269718185393
-6.12500589709954;-3.61535199872211;-4.19892623014343
-6.98276292724701;-4.71446314332246;-1.85515281273518
-8.32217944877757;-3.33123284201957;-3.29545407300246
-7.01927613553263;-3.61717167963413;-1.13036702960747
-8.38614951511121;-4.1297044180047;-2.61004922441232
-7.22435062617743;-4.91609185070899;-1.43743077068408
-7.77727598888668;-4.28913741376812;-1.45161711611196
-6.39067042067734;-2.85691873204585;-2.59167010673703
-7.36645142410509;-5.54847508256263;-3.44883921674298
-7.51713785986482;-3.55423757264194;-4.59815000341921
-7.18613188898221;-4.13045298457023;-2.56623553655585
-6.33976505233289;-3.58862020866706;-2.83462930481617
-6.49323981591872;-2.6207385504431;-3.14335269565434
-8.20889121727601;-5.18133397398602;-2.01929407681251
-8.40160394683505;-5.28056571279271;-3.24355803920439
-6.30412903655038;-4.55385581169487;-2.99657972233483
-6.37665521884056;-2.6475549968867;-2.05559321867339
-8.28361520546902;-2.81374471671521;-3.04403445088677
-7.1023287272793;-3.35901972304705;-3.66683478402237
-6.91810083761219;-2.76407979237685;-2.03989513299507
-6.3997777429523;-3.75354229615144;-3.42055691857615
-8.95420181894073;-3.67668189997836;-2.95457848217446
-6.42256718459932;-3.83379552454056;-2.70025088216079
-7.30167592154645;-3.01628050239218;-2.0414137631838
-6.82716153627959;-3.08633356449876;-3.00572556673687
-8.93985380851099;-3.44525008826884;-3.85675481881374
-8.32941876302909;-3.93410412524914;-2.3904950754316
-6.91436944737197;-5.05943439071987;-1.88536245343079
-8.42376879953746;-3.67089580745973;-4.17270484326557
